5952
5733
4824
3531
6769
4157
3577
4492
1588
7737
7386
4062
6481
8992
6842
3733
4043
9408
3571
2156
1832
7295
5644
1676
5587
3112
7679
8911
9827
2772
5455
8932
3965
8883
6811
6481
2646
6638
3435
4426
9402
1703
7991
1778
9827
4776
7230
8435
8422
2163
6358
4996
6180
6761
2474
3105
4982
7023
3540
2037
5823
1627
9626
7659
8114
8708
6542
5148
1037
3629
6290
6706
4936
8465
5741
9265
7110
1099
2115
3415
5465
2985
8942
5278
7007
9187
6865
2421
4463
5815
4331
6063
5609
3037
9191
4063
8427
3015
2019
9402
7850
1125
8781
2248
3462
6809
9070
1884
7506
7374
8140
5635
9401
3692
1357
5645
1400
7058
6164
1189
3884
4649
8291
1636
2255
9097
1283
6671
1918
6263
8918
9094
6382
3411
4071
4171
2577
8680
6123
9861
4004
1054
9115
3015
6426
9136
7840
7505
4802
1348
4890
3329
5572
5267
5410
9081
9494
4072
6888
7396
2307
2555
9951
3022
7440
7612
7103
1142
5730
8750
1899
3062
1307
5658
9567
1371
7086
4896
4921
3582
2637
6912
6532
6069
6091
3494
7543
9590
4897
2548
3869
4872
8233
3575
9874
1460
3409
4870
4484
1516
