27792881
27117332
27790313
27085885
27256227
27400509
27021318
27698188
27189099
27354055
27011981
27762093
27750747
27535890
27982543
27903308
27815404
27171041
27271362
27245432
27845417
27633933
27111005
27489823
27388822
27040737
27080329
27983958
27714475
27722731
27631911
27062122
27243814
27481647
27909625
27635814
27378217
27048062
27883508
27620845
27700886
27789106
27201524
27068051
27199861
27870178
27745816
27560882
27563800
27977907
27948473
27804096
27812631
27760575
27267055
27747246
27690849
27380399
27529797
27551811
27837497
27041464
27538687
27889155
27265069
27130602
27836999
27488251
27902263
27309946
27355276
27343879
27889834
27636347
27162694
27521919
27928228
27920598
27443291
27626698
27824427
27299526
27518260
27165459
27159368
27633857
27050471
27939866
27034239
27586372
27655824
27782927
27440106
27319205
27902716
27217685
27795502
27296027
27545520
27509480
27376917
27958289
27055991
27210731
27693291
27828611
27355854
27395493
27893650
27376906
27580409
27214548
27257218
27243083
27865697
27620175
27735745
27393625
27713860
27958870
27553110
27348805
27892790
27148696
27292593
27084963
27697256
27583015
27607512
27394651
27634511
27806205
27726038
27861222
27007193
27233675
27571809
27103568
27052066
27299196
27842800
27965050
27230911
27262644
27858397
27804225
27110255
27335740
27307802
27541311
27962561
27085365
27539419
27980177
27998442
27223832
27327234
27580131
27746067
27320048
27579396
27510040
27196836
27397856
27639298
27122147
27766606
27034671
27040171
27551792
27785598
27968867
27134498
27359496
27519429
27730332
27831288
27797146
27188414
27536760
27729102
27269619
27003476
27331499
27641840
27523917
27009918
27631878
27790178
27508010
27365390
27708796
27759055
27732169
27397356
27201221
27692890
27604835
27829312
27441212
27468354
27023376
27521758
27511130
27097630
27647920
27097075
27078774
27781811
27800240
27344533
27345484
27255253
27146767
27718013
27645394
27122771
27216463
27874009
27805985
27642733
27917613
27568089
27529563
27550818
27896379
27464945
27261700
27632717
27297344
27013854
27494313
27857676
27570160
27304863
27871160
27083950
27825327
27450026
27164915
27557664
27396155
27434793
27859261
27156761
27037215
27386346
27044042
27874119
27764998
27059997
27403147
27344800
27341699
27636188
27697868
27101203
27105947
27605735
27778010
27180358
27540389
27448454
27777940
27247569
27706874
27615207
27471991
27026241
27609487
27307093
27611631
27347799
27136840
27415356
27780096
27309178
27699693
27924328
27981645
27931680
27180499
27401408
27480371
27394258
27095798
27608482
27030162
27773441
27013844
27799992
27585522
27703655
27270428
27933438
27416621
27466575
27678791
27376264
27883751
27720198
27541711
27660515
27129765
27139217
27290111
27236644
27418466
27306478
27965923
27010746
27033577
27305471
27750067
27265646
27221469
27892247
27703329
27193431
27394034
27176820
27570430
27018675
27446753
27799329
27998217
27866222
27516422
27797626
27243696
27551869
27079570
27846810
27205510
27355608
27718050
27906238
27646383
27697992
27614478
27650586
27993300
27861433
27089535
27648645
27623806
27695348
27656637
27158031
27384601
27540970
27199323
27430553
27805815
27144015
27565098
27888241
27226302
27759502
27914785
27006012
27247208
27876835
27459333
27530250
27900244
27656748
27635371
27155587
27972133
27011398
27515341
27340050
27614884
27258081
27016941
27219772
27975229
27540817
27565149
27306235
27870004
27300106
27600393
27460225
27158137
27482921
27563116
27596537
27227511
27304463
27104476
27194826
27365709
27820521
27597787
27380761
27418489
27505788
27533856
27631450
27509744
27695256
27834830
27376399
27380201
27390497
27098890
27007825
27662267
27238438
27744322
27402473
27991212
27020553
27588102
27513263
27943630
27667831
27308333
27104508
27292223
27775128
27347032
27043339
27284879
27465531
27756216
27389149
27049974
27900619
27759874
27561310
27730393
27694241
27621652
27541553
27853508
27709275
27633035
27055067
27799613
27937791
27914265
27535154
27742010
27988743
27788316
27130831
27304361
27171151
27450055
27510221
27260285
27113356
27118604
27329915
27971463
27567848
27008590
27599236
27689677
27427344
27716022
27547398
27469955
27952103
27059785
27452253
27588701
27802445
27741167
27991451
27632407
27786922
27585255
27803234
27753828
27957000
27946597
27849877
27205686
27937178
27100417
27554474
27801886
27202294
27256522
27771533
27775917
27600510
27647594
27516597
27241980
27218904
27739821
27870647
27684066
27747142
27779348
