21 75 26 68
31 65 30 35
32 94 34 17
51 36 45 38
51 15 84 31
83 42 11 83
21 53 96 13
24 61 43 14
60 36 25 97
97 14 14 37
41 91 58 25
11 12 43 57
68 27 49 11
48 45 37 95
89 87 56 88
89 38 18 62
66 68 31 22
40 92 39 39
85 21 75 33
10 72 62 36
56 98 52 37
23 84 37 55
23 85 47 27
90 77 73 72
50 32 86 19
16 67 42 96
41 71 13 56
49 91 28 15
74 76 33 98
72 48 17 76
72 70 10 44
86 10 71 76
43 84 19 57
24 70 29 17
67 77 42 58
61 95 77 63
52 16 44 26
48 50 19 87
54 53 59 63
27 56 43 25
12 59 38 34
48 28 91 87
51 27 75 85
43 20 80 13
85 30 81 18
20 80 20 69
31 99 80 88
84 92 93 55
93 20 44 52
54 35 35 21
69 98 90 47
63 64 66 46
60 58 51 23
66 17 29 64
32 20 81 22
66 25 79 46
82 82 38 74
34 42 40 52
79 90 61 71
95 16 74 15
18 86 30 32
91 40 44 31
49 68 24 75
59 80 59 81
78 46 81 69
15 70 90 21
97 16 58 65
44 54 61 46
34 25 60 92
39 35 24 62
33 93 41 55
11 12 39 22
54 73 78 41
19 38 26 47
57 40 95 55
50 82 73 78
36 22 14 36
99 89 39 10
12 32 79 45
88 64 76 98
94 24 29 30
29 67 65 16
97 12 27 41
49 28 73 50
26 79 23 29
99 33 87 83
82 70 17 96
40 18 96 65
86 11 13 30
15 83 77 28
62 63 71 42
92 34 14 45
37 53 78 23
57 94 26 64
45 93 35 13
89 88 19 74
67 33 18 47
60 22 28 69
94 46 53 99
