1007 1008 1005 1001
1000 1002 1003 1001
1007 1006 1002 6225
3622 1004 1006 1007
1008 1007 1005 1004
1003 1006 1003 1007
1005 6747 1009 1003
4582 1003 1005 1005
5020 1002 1003 1004
1006 1002 1000 1008
1004 1002 1007 1007
1006 1003 7184 1008
1007 1006 1009 1009
1007 1003 8959 1004
1000 1009 5356 1009
1001 1005 1008 6929
1003 1006 1009 1005
1003 1003 1008 1009
1007 9215 1008 1002
1003 1004 1002 1006
1009 1007 1008 1000
1004 1007 1000 1001
1003 1006 1004 7226
1009 1003 1008 1007
1008 1004 1001 1007
1008 1004 1007 1007
3185 3689 1005 1007
1009 1005 1009 1005
1007 1001 1003 1004
1005 1004 1003 1005
1001 1006 1008 1007
1001 1007 1008 1004
1007 1007 1002 1006
1001 1002 1000 1004
1008 1006 1003 1004
1000 1000 1007 1008
1006 1004 1008 1002
1005 1006 1000 1006
1004 7476 1003 1000
1008 1005 4652 1000
1003 1006 3666 1008
1007 7158 1006 1005
6252 1002 9997 1003
1005 1009 1004 1002
1000 1000 1007 1007
1003 1006 1007 1006
1005 1002 1001 1008
1004 1009 1009 1008
1004 1005 1007 1009
1007 1001 1002 5076
